Alternativas	ECI_2019	Classe	Score_Global_EF	PIB (Bilhões, PPP)	1/Desemprego	Imposto_de_Renda	1/Inflação	Cresc_PIB_perCapita	Receitas/Despesas	Despesas_Educ(%PIB)	Taxa_Alfabetização	Despesas_P&D (%PIB)	Import_Bens_Serviços(%PIB)	GINI	1/População_favelas
Albania	-0.440941	3	65.94	38.1112	0.073385878	23	0.601106035	2.089736608	1.027666216	3.699368	99.11753082		45.87666164	32.01428571	
Algeria	-1.027936	3	46.66	614.9052	0.086278299	35	0.24230676	-0.18620463		6.45411253	97.4265213	0.54297	31.29673132	27.6	
Angola	-1.48702	3	51.64	198.8652	0.136317784	18.6	0.040629596	-2.205131884	1.249947396	2.877716687	77.43112946	0.03229	30.71134661	51.3	0.019620667
Argentina	-0.243857	3	52.08	911.8488	0.108161897	35	0.023371039	-1.675335346	0.849941509	5.328702238	99.48858207	0.5806025	14.34810622	41.77777778	0.065075921
Armenia	-0.269703	3	68.84	32.063	0.055636538	24.6	1.066325443	3.206059921	1.004726419	2.660785079	99.8560791	0.23400625	47.25798843	30.91	0.090909091
Australia	-0.454162	3	80.9	1297.5678	0.174532254	45	0.644496004	0.8112734	0.932632446	5.145232618		2.0525475	21.18130957	34.13333333	
Austria	1.771502	1	72.96	460.39	0.186018825	52	0.611770464	0.0369415	0.97226865	5.450106263		3.024794444	50.49173054	30.51111111	
Azerbaijan	-1.191288	3	66.14	171.559	0.18489073	25	0.150947953	-0.220427601	1.688645347	2.560428911	99.94319439	0.20526375	33.29654061		
Bangladesh	-0.88344	3	55.26	773.3272	0.224557621	26	0.172675784	5.390873004	1.118949526	1.827243996	88.26026154		23.74625456	32.4	0.019775873
Belarus	0.830929	2	58.34	186.0042	0.30102348	13	0.147789075	1.075493078	1.039406913	4.931425953	99.87283325	0.5837725	65.16685845	25.87	0.025510204
Belgium	1.211482	1	68.68	554.5174	0.148960257	50	0.628298567	0.189241787	0.948086401	6.481181417		2.441615	79.88299228	27.61111111	
Bolivia	-0.83195	3	42.98	89.3546	0.260159217	13	0.433576136	1.811700508			99.13419088		34.3914895	45.25	0.021201413
Bosnia and Herzegovina	0.726767	2	62.44	47.1254	0.046550167	10	2.983293556	2.889200884	1.054479319		99.5623703	0.23911	54.71448299	33	0.131578949
Botswana	-0.791066	3	68.28	40.612	0.055820392	25	0.352360817	1.268948133	1.211930218	7.303408051	97.4562912	0.39804	51.40140496	53.3	
Brazil	0.102134	2	52.74	3299.273	0.079337374	27.5	0.21978022	-0.521494223	0.850340536	6.042991281	98.89040565	1.19923125	13.53022409	52.58	0.054644811
Bulgaria	0.528509	2	69.78	160.8342	0.169428349	10	0.808538163	2.13986189	0.99557373	3.805520117	97.86505127	0.72356375	61.53929697	38.38888889	
Burkina Faso	-0.932345	3	58.18	42.1092	0.187652468	27.5	2.779321845	2.314877742	1.107096346	4.529956222	54.48513985	0.40404	32.90362359	41.3	0.016538037
Cambodia	-0.497443	3	57.64	74.7938	0.849617672	23	0.404236397	4.477229079	1.295558729	1.838875961	91.17711258	0.11823	64.11808011		0.020283976
Cameroon	-1.527305	3	52.84	443.4244	0.200104054	34.6	0.711541198	1.304932091	1.272539409	2.858655559	85.08000183		23.74028783	46.6	0.027958994
Canada	0.692951	2	77.62	1452.8042	0.130606274	33.4	0.768639508	0.29296072	1.013705704	5.262050152		1.686618889	32.9517243	33.36666667	100.0000022
Chile	-0.206601	3	75.4	466.9744	0.126980902	37	0.367511944	0.977715979	1.006783103	4.910817078	99.20476723	0.369074286	30.18448106	45.1	0.111940298
China	1.345562	1	56.42	24641.5312	0.217344056	45	0.454710804	6.279340587		3.750871241	99.78359985	2.01584	19.57920132	39.6	0.040160642
Colombia	0.089482	2	67.72	740.6514	0.094318268	36.6	0.237034228	1.39378268	0.841270886	4.53143443	98.66765594	0.25633	20.77407899	51.85	0.043478261
Congo, Dem. Rep.	-1.339828	3		83.6226	0.178660759	31	0.046870899	2.285720133		1.951543999	84.29352951	0.40638	37.07816889	42.1	0.012964563
Congo, Rep.	-1.37599	3		78.9716	0.108325931	40.2	0.59333096	-3.829418138	1.948668325	3.836420019	81.48436737		56.04023155	48.9	0.021023125
Costa Rica	0.384098	2	65.26	98.4724	0.101669412	27.2	0.927471712	1.71921321	0.870346486	6.750059986	99.28184891	0.4851975	32.80081909	48.59	0.225563907
Cote d'Ivoire	-1.112656	3		129.6418	0.256121299	38.8	0.490966222	3.298019335	0.932711969	4.034265518	61.65237427	0.0704	25.7885447	39.35	0.01711352
Croatia	0.868511	2	63.16	76.4632	0.104001997	37	2.184359983	1.073436997	0.949996717	4.199249983	99.72363281	0.8292975	45.59956344	31.1	
Cuba	-0.692889	3	28.84	251.7112	0.368053	44.4	0.202470136	0.658449133			99.87464905	0.413525	14.87326173		0.151515154
Cyprus	0.320184	2	70.06	52.6198	0.118376817	36	1.269680041	0.245946502	0.933777078	6.281421582	99.82099152	0.49911	67.78795871	33.52222222	
Czech Republic	1.802727	1	74.18	359.9532	0.290951411	24.8	0.547045952	1.456558888	0.940652001	4.481677532		1.8176175	70.45943	25.71111111	
Denmark	1.098704	1	77.48	260.5214	0.176609798	49.8	1.189626457	0.950458896	1.00758895	7.920880032		3.0051675	48.56365059	28.11111111	999.9999525
Dominican Republic	-0.183106	3	61.72	187.203	0.129657962	27	0.399137862	2.969993217	0.976905689	3.488926649	97.61339442		29.55412013	44.41	0.071942445
Ecuador	-1.109666	3	50.68	670.304	0.16616264	32.5	0.324128095	0.075037996		4.659255075	98.9292841	0.3737075	25.77099709	45.8	0.039267016
Egypt, Arab Rep.	-0.146508	3		746.9886	0.099872164	25.5	0.082873386	1.46716415	0.681584157	3.803473997	89.83263397	0.64329	24.16643668	30.53333333	0.133928571
El Salvador	0.094866	2	61.44	52.4044	0.183371841	28	0.966370313	0.917579852	0.964353375	3.743098895	97.71825191	0.107625	47.22565045	40.56666667	0.040705564
Estonia	0.91685	2	78.26	31.0054	0.106903851	22.6	0.506996552	3.120850962	0.990345949	4.986523807	99.94889832	1.6143825	75.67131769	32.27777778	
Eswatini	-0.027597	3	54.48	139.506	0.093984962	27.2	0.145319266	1.217920225		5.938776255	95.46936798	0.26661	43.7113413	54.6	0.030769231
Ethiopia	-0.91816	3	52.26	247.1656	0.195886386	33.5	0.115300357	6.206379047	0.962604776	5.083842456	72.75482178	0.439555	26.27485336	35	0.014698677
Finland	1.475789	1	75.82	1893.2528	0.117849483	36.86	1.125872551	0.293192654	0.955075886	6.791939974		3.06510625	38.16335776	27.25555556	
France	1.312219	1	65.06	1169.946	0.074090539	41	0.628377529	0.08173377	0.922711133	5.432384968		2.2271825	31.12720784	32.475	
Gabon	-1.435454	3	56.98	41.0062	0.059189109	29	0.262508532	-0.043392667	1.4125433	2.932815552	89.14390182		26.87653456	38	0.027223231
Georgia	-0.013926	3	75.64	2630.0728	0.112291419	31	0.384733764	3.749252212	0.99998798	3.186863971	99.68254089	0.231271667	57.20128573	37.26	0.029325515
Germany	2.065511	1	73.96	1804.0784	0.26707975	41.5	0.224406445	0.933343251	1.01300315	4.900965095		2.93408125	39.69134202	31.3	100.0000022
Ghana	-0.853631	3	58.38	248.574	0.089773054	35.2	0.12888591	3.650679663	0.827606287	5.258703768	92.4909668		39.88373231	42.95	0.030395137
Greece	0.134085	2	59.46	208.133	0.07673537	33.2	0.655737705	-2.062956908	0.901733305	3.577643315	98.98743057	0.9099625	35.64147675	34.93333333	0.333333333
Guatemala	-0.324376	3	63.44	74.8026	0.269876397	29.8	0.172223753	1.367568372	0.906903789	3.040882993	93.61594772	0.03428625	30.9737384	48.3	0.02979146
Guinea	-1.752985	3	55.02	40.2688	0.202453739	34	0.136087749	3.647239136		2.299229014	50.11778641		52.90839598	31.65	0.021037868
Honduras	-0.57248	3	60.24	211.5716	0.182655074	21	0.306522805	0.618001621	0.955055892	5.817997396	95.79791164	0.027455	62.36704024	50.15555556	0.028169014
Hungary	1.632004	1	66.44	6427.6686	0.226060222	21.36	0.340413943	2.460909817	0.910136421	4.487164974	98.80000305	1.323105	79.40009388	30.36666667	0.07352941
India	0.460608	2	55.32	5656.7092	0.226572413	30.54	0.236216752	3.918700886	0.803383672	3.649011993	88.90446091	0.69856125	24.55175795	35.7	0.031712473
Indonesia	0.017737	2	65.7	2192.4204	0.131891322	32	0.083728252	3.305252849	0.91504293	3.204377784	99.54728063	0.1986075	21.33534599	38.7	0.036014406
Iran, Islamic Rep.	-0.349011	3		749.5114	0.109820115	37.4	0.06434344	-0.69667236		3.343885581	97.95772743	0.45428	24.08955534	39.91428571	0.040650407
Ireland	1.332997	1	81.04	364.5026	0.179153678	44.2	4.582951421	5.74238	0.903722282	4.521364957		1.386957143	97.40050607	32.2625	
Israel	1.258217	1	72.16	1578.9582	0.141578888	46.4	3.092145949	1.456492668	0.872387369	5.866994917		4.37261375	29.7980265	39.8125	
Italy	1.367583	1	63.76	955.6198	0.096991329	35.8	0.534302201	-0.825432189	0.921304563	4.070841223	99.89482117	1.32125875	27.15766492	35.2	
Jamaica	-0.244263	3	68.52	3381.0716	0.137900601	32.32	0.363609919	-0.680888917	1.069370203	5.665686035	96.30000305		50.67464001		0.016910936
Jordan	-0.035604	3	64.42	350.0846	0.088903113	15.6	0.298953662	-1.403851399	0.816545077	3.293520042	99.19938151	0.70781	59.58895139		0.052264809
Kazakhstan	-0.319771	3	67.92	299.6328	0.165136403	18	0.123213406	2.0616908	1.129814873	3.138294458	99.89736176	0.15151	26.64323783	27.45	
Kenya	-0.301547	3	54.52	260.2886	0.181303938	18	0.264872596	1.644042475	0.892313119	5.289721966	87.17781448		25.78977101	40.8	0.020134228
Kuwait	-0.767404	3	61.72	134.0836	0.395914166	9.6	0.493534695	-2.601592992		6.069590092	99.13702138	0.1554975	37.89569144		
Lao PDR	-0.647744	3		54.537	0.274213009	26.96	0.33877634	4.901959242		2.425277472	82.25943375		53.95061676	37.4	0.040927695
Latvia	0.66914	2	72.6	73.3942	0.128955717	26.16	0.493632145	3.613660921	0.909975934	5.280612409	99.82771301	0.6097975	62.6660533	35.03333333	
Lebanon	0.044567	2	50.94	36.5502	0.201661692	23	0.037651453	-4.969082191	0.726447417	2.189602216	99.75182343		49.54109592	31.8	0.017513135
Liberia	-1.701514	3	49.34	48.51	0.148137175	19	0.061132915	-0.435244835		2.22610222	55.39870071			34.25	0.014541929
Lithuania	0.786601	2	75.78	66.2672	0.104569696	17	0.442712945	4.499347211	0.917149693	4.362378776	99.85579681	0.9382775	71.8427151	36.07777778	
Madagascar	-0.951056	3	58.1	32.4408	0.168157665	20	0.152877148	-0.540813473	1.058272776	2.492630045	78.340168	0.0323175	32.97708223	42.6	0.014556041
Malawi	-0.940737	3	52.44	448.0754	0.215007525	28	0.105822345	0.948066103	0.860384419	4.310896662	74.50875854			41.6	0.015090544
Malaysia	1.115255	1	73.14	381.9274	0.214702851	29	0.335412893	2.623987118	1.016402386	5.017877791	97.12893867	1.18739	62.95969762	42.1	
Mali	-0.602993	3	56.62	27.4862	0.117988532	32	2.04415372	0.701114926	1.161924323	3.574871116	46.93846321	0.303205	36.5384011	36.1	0.019933555
Mauritania	-1.369835	3	55.28	23.7908	0.117241541	28	0.619962802	0.924400557		2.084525029	67.48994637	0.01081	50.18010325	32.6	0.012897679
Mauritius	-0.188049	3	74.18	1062.0336	0.139497252	24	0.362108922	1.64990722	1.009613378	4.436829972	98.58618927	0.297	57.38263239	37.65	
Mexico	1.312402	1	64.94	970.87	0.214362272	26.4	0.237079184	0.091727474	0.89690587	4.88389498	98.94313219	0.40149375	36.48848036	47.44	0.069605568
Moldova	-0.156	3	60.66	26.5652	0.142519169	13.6	0.210216523	3.806637877	0.953292582	6.096937762	99.81101227	0.2984175	58.43568602	27.33333333	0.016299918
Mongolia	-0.95565	3	58.66	152.9886	0.148354746	16	0.30273674	4.766482926	1.038209815	4.891106659	98.85216904	0.1875725	59.99247014	32.94	0.025146689
Morocco	-0.523393	3	62.12	136.3638	0.105612234	31	0.728756741	1.118229558	0.990153782		90.15367889		46.76495124	39.5	0.092592591
Mozambique	-1.252757	3	49.66	79.8224	0.060227902	34.2	0.116950857	1.853961256	1.18021708	5.998648855	70.7187767	0.31312	70.35367218	54	0.012809565
Namibia	-0.222108	3	59.98	420.797	0.063631042	39	0.218007412	-0.14846004	1.017920604	8.831422997	94.79217148	0.35209	54.54112889	59.1	0.024193548
Netherlands	1.110004	1	77.26	464.0016	0.213620439	42.8	0.463735856	0.45027323	0.974558029	5.402403653		1.97895875	70.73167707	28.25555556	
New Zealand	0.23424	2	83.44	287.3764	0.195802005	36.2	0.467901928	1.285043135	1.005891286	6.523586273		1.240905	26.82573512		
Nicaragua	-0.880435	3	56.98	542.9186	0.182202463	29.4	0.199385891	1.433430989	1.068073026	3.934321721	91.57177734	0.097508	57.84473102	46.2	0.022918258
Nigeria	-1.773231	3	57.22	461.977	0.137005069	23.4	0.104556576	0.005979411			75.02874756		14.93267626	35.1	0.018987341
North Macedonia	0.040919	2	69.24	458.8578	0.07699652	27.92	0.269774469	1.692135416	0.947516815		98.84674454	0.38806375	67.86482032	35.775	0.120481925
Norway	0.559251	2	74.2	263.031	0.258718824	28.68	0.535561268	0.355308287	1.264597497	7.520697653		1.84589	31.24243892	26.94444444	999.9999525
Oman	-0.443003	3	61.36	755.8398	0.146661973	13	0.418971007	-2.648396507		5.361302495	98.84637604	0.21084875	40.83782176		
Pakistan	-0.664463	3	52.94	478.0552	0.22810219	29	0.276640478	1.583696628		2.547176212	72.42988041	0.276085	18.66802574	30.025	0.023734178
Panama	0.239367	2	66.6	61.6028	0.198846689	31.8	0.561041293	2.06048203	0.959214436	3.019130026	98.99041367	0.123338571	57.20844572	50.56666667	0.042857143
Paraguay	-0.447032	3	62.48	306.851	0.202864446	18	0.338684549	1.787147385	1.103225766	3.796531717	98.52206326	0.09586	33.92101137	47.77	0.057636886
Peru	-0.795222	3	67.72	746.7596	0.269019692	32	0.402673754	1.252983579	1.028696653	3.607429004	99.01233128	0.10162625	23.67756468	43.42	0.029673591
Philippines	0.949998	2	63.7	1084.031	0.248311482	33.2	0.35870579	3.116859806	1.072471315	3.353924274	98.52515411	0.133706667	34.28745213	44.46666667	0.024057738
Poland	1.079311	1	68.76	671.1724	0.174623686	38.4	0.79151496	3.073328616	0.95566388	4.772284985		0.95604125	47.74773545	31.875	100.0000022
Portugal	0.631853	2	66.8	341.4564	0.196386489	28.8	3.265839321	0.118999304	0.871931894	5.006288597	99.54951859	1.330185	40.13296264	34.98888889	0.277777785
Qatar	-0.420442	3	71.44	227.0156	0.275072894	8	1.361655773	-1.139581894		3.452707154	94.01660665	0.502146667	34.7816803		
Romania	1.199197	1	68.86	1227.4996	0.201930455	11.8	0.37744395	3.621229718	0.932418943	3.090973765	99.21244049	0.465565	42.95715457	35.8	0.075471698
Russian Federation	0.120892	2		3689.9488	0.190454424	10.9	0.296366546	1.022010952	0.954880724	4.07619851	99.69844818	1.05481125	20.5716937	36.26	
Saudi Arabia	0.622651	2	60.84	1444.6298	0.164209005	10	0.519804553	0.112642572	1.194419978		99.34068807	0.86328	29.96579484		0.058479531
Senegal	-0.800691	3	57.6	66.3326	0.114202184	34	0.627431296	1.751133154	1.064079748	5.158516672	64.06730906	0.5772	36.73256238	39.2	0.030674847
Serbia	0.747382	2	64.96	204.3976	0.092919532	13.4	0.694058856	2.343105403	0.987275011	3.832793742	99.6759847	0.7984325	53.28001611	38.1125	0.277777785
Singapore	1.997381	1	88.34	483.968	0.217211868	22.6	3.144654088	1.813215851	1.332699596	2.817025018	99.89786869	2.02585	156.328171		
Slovak Republic	1.447869	1	66.62	163.2884	0.139738968	30	0.607090821	1.827559252	0.945426554	4.063252538		0.8539325	88.8255676	25.54444444	
Slovenia	1.636716	1	67.38	214.3042	0.098303285	49	0.58404392	1.101877335	0.920532121	5.159742415	99.80000305	2.24097125	71.01578343	25.08888889	0.270270267
South Africa	0.03067	2	59.2	968.0184	0.03934932	45	0.24559163	-0.691732801	0.868376764	6.133483076	98.20718511	0.773371429	27.64663308	63	0.040053405
Spain	0.806702	2	67.16	1523.511	0.072762199	41.2	0.598659004	-0.207696545	0.864781326	4.365101278	99.67237759	1.2520025	30.37048448	35.45555556	0.150375938
Sri Lanka	-0.245285	3	56.12	234.0232	0.111554852	24.6	0.21590811	3.280445641	0.7911692	2.183914989	98.82383537	0.113106	29.258778	39	
Sweden	1.748605	1	75.8	542.1124	0.142073708	57	0.673219335	0.654082719	1.013273108	7.420127511		3.24018625	40.65664417	28.81111111	999.9999525
Switzerland	2.131523	1	82.34	554.555	0.209881207	28.6	7.849293564	0.445672277	1.040357131	4.887233675		3.308603333	54.58723431	32.425	
Tajikistan	-0.736788	3	54.2	31.5038	0.098972664	13	0.149463426	4.350542402		5.11339862	99.90000153	0.11233125	49.36793556	34	0.038461538
Tanzania	-1.0031	3	60.52	172.522	0.459601066	30	0.244762091	2.772247039	0.818942913	3.683517051	85.84757233	0.51456	23.34199983	39.15	0.022641509
Thailand	1.146	1	67.54	1285.3214	1.177578898	35	2.760905577	1.896442013	1.050624253	3.774278932	98.19922638	0.613171667	58.29688097	36.73	0.040927694
Togo	-0.954406	3	53.38	14.5408	0.305922663	45	1.45137881	2.639828907	1.130052933	4.422848913	84.02248637	0.24489	47.35378934	43.83333333	0.018927445
Trinidad and Tobago	0.129528	2	58.16	42.2952	0.239314603	25	0.625938908	-1.901662774	0.989035674	4.116726716		0.0719475			0.08450704
Tunisia	0.356219	2	56.18	136.7618	0.063795039	35	0.173949346	-0.436862311	0.915534821	6.929066658	96.79284668	0.649992857	53.38422251	32.8	0.123966943
Turkey	0.610807	2	63.06	2286.3178	0.083404227	37	0.079791903	3.59183669	0.975532625	4.29460001	99.38563251	0.870992857	29.14919052	41.28888889	0.104895103
Uganda	-0.88649	3	58.8	103.434	0.484449181	38	0.245700246	1.519507689	1.04761469	2.245250034	86.52759552	0.14381	23.17315558	42.16666667	0.020080322
Ukraine	0.296661	2	53.88	417.0512	0.108332972	20	0.100228521	0.230455329	0.919545456	5.813892206	99.96975708	0.6149	52.45417324	25.27	0.052631579
United Arab Emirates	-0.435528	3	75.7	698.9492	0.324865181	0	1.755617978	1.484518083	0.855163544	3.102699995	98.16317749	0.863376	69.1431134	29.25	
United Kingdom	1.551274	1	77.46	2996.8614	0.233765019	45	0.590876861	0.185668846	0.892369745	5.481738567		1.64793375	30.5458906	33.68571429	
United States	1.56816	1	75.2	20349.562	0.198286802	37.52	0.563697858	1.004122169	0.753207016			2.7506225	15.52526318	41.15555556	
Uruguay	0.013474	2	69.24	79.5808	0.11007397	32.4	0.121701879	1.184381098	0.972220103	4.513617897	98.94441393	0.37608875	23.72838423	40.16	
Uzbekistan	-0.483342	3	55.2	257.4998	0.150761345	22	0.076024814	4.012172022	1.393694837	5.945608997	99.99994151	0.161265	28.25852141		0.019157088
Venezuela, RB	-1.493201	3		271.2852	0.089064643	34	5.24443E-06	0.416604934		1.488163312	98.44209798	0.26468	26.20935731		0.027027027
Vietnam	0.051981	2	57.9	860.9154	0.47856049	35	0.317924588	4.892052947		4.640567541	98.62545776	0.382975	91.33720037	35.35	0.054151624
Zambia	-0.716335	3	52.1	69.7168	0.10845987	36	0.086665627	0.508359153	0.90227711	4.31186774	92.09156799		37.3680889	57.1	0.017452007
Zimbabwe	-0.913127	3	40.02	36.3746	0.19462826	51.5	0.006076493	1.870961411	0.811209607	5.494041409	90.67941284		38.55379894	45.93333333	0.03452244
